sinno_id
10025001
10042001
10050001
10107001
10145001
10148001
10153001
10161001
10189001
10190001
10230001
10307001
10349001
10564001
10621001
10630001
10655001
10828001
10855001
10857001
10867001
10872001
10874001
10878001
10881001
10897001
10909001
10922001
10924001
10925001
10927001
10937001
10961001
10974001
10979001
11008001
11012001
11014001
11026001
11028001
11037001
11082001
11107001
11335001
11339001
11340001
11341001
11347001
11351001
11352001
11367001
11368001
11382001
11386001
11449001
11475001
11527001
11546001
11595001
11632001
11634001
11646001
11722001
11745001
11748001
11749001
11750001
11907001
11952001
12016001
12020001
12026001
12048001
12235001
12254001
12322001
12363001
12419001
12424001
12425001
12430001
12454001
12476001
12518001
12691001
12769001
12776001
12777001
12813001
12927001
12933001
12946001
12966001
13014001
13015001
13016001
13032001
13069001
13089001
13091001
13121001
13122001
13202001
13291001
13303001
13311001
13313001
13347001
13373001
13398001
13518001
13545001
13731001
13746001
13748001
13780001
13783001
13791001
13836001
13844001
13859001
13885001
13890001
14003001
14576001
14577001
14589001
14636001
14677001
14751001
16069001
16197001
16230001
16239001
16276001
16280001
16287001
16373001
5881001
5883001
5934001
5955001
5968001
5987001
5994001
6000001
6001001
6002001
6029001
6033001
6039001
6041001
6044001
6051001
6060001
6081001
6099001
6116001
6125001
6130001
6133001
6163001
6182001
6191001
6203001
6204001
6231001
6238001
6252001
6281001
6301001
6325001
6341001
6348001
6387001
6397001
6404001
6425001
6431001
6544001
6562001
6685001
6689001
6695001
6740001
6759001
6760001
6768001
6774001
6787001
6788001
6795001
6814001
6822001
6824001
6837001
6842001
6856001
6873001
6893001
6912001
6915001
6916001
6918001
6919001
6921001
6928001
6929001
6933001
6938001
6942001
6943001
6947001
6949001
6950001
6951001
6954001
6961001
6969001
6990001
7002001
7004001
7016001
7019001
7031001
7033001
7034001
7038001
7040001
7042001
7043001
7056001
7058001
7060001
7067001
7139001
7140001
7174001
7176001
7217001
7242001
7318001
7361001
7362001
7363001
7364001
7365001
7366001
7367001
7368001
7369001
7370001
7371001
7372001
7378001
7380001
7382001
7383001
7385001
7386001
7387001
7390001
7393001
7394001
7395001
7396001
7397001
7398001
7399001
7400001
7405001
7407001
7408001
7409001
7410001
7411001
7412001
7414001
7415001
7416001
7417001
7418001
7419001
7420001
7421001
7423001
7424001
7426001
7427001
7432001
7433001
7435001
7436001
7437001
7438001
7440001
7441001
7443001
7446001
7447001
7448001
7450001
7452001
7456001
7457001
7458001
7459001
7463001
7465001
7466001
7472001
7473001
7474001
7475001
7476001
7479001
7484001
7485001
7489001
7491001
7492001
7494001
7495001
7498001
7499001
7503001
7504001
7505001
7506001
7507001
7508001
7510001
7511001
7512001
7514001
7516001
7517001
7518001
7519001
7520001
7521001
7522001
7523001
7524001
7525001
7526001
7527001
7528001
7529001
7530001
7531001
7532001
7533001
7534001
7535001
7536001
7537001
7538001
7540001
7541001
7542001
7543001
7544001
7545001
7546001
7547001
7548001
7550001
7551001
7552001
7553001
7554001
7555001
7556001
7557001
7558001
7559001
7560001
7561001
7562001
7563001
7564001
7565001
7566001
7567001
7569001
7570001
7572001
7573001
7574001
7575001
7576001
7577001
7578001
7579001
7580001
7607001
7617001
7642001
7650001
7674001
7675001
7679001
7714001
7723001
7726001
7740001
7758001
7764001
7769001
7777001
7782001
7791001
7796001
7797001
7805001
7809001
7817001
7829001
7833001
7836001
7845001
7852001
7854001
7861001
7862001
7871001
7875001
7882001
7892001
7897001
7899001
7904001
7909001
7915001
7919001
7932001
7939001
7944001
7950001
7968001
7986001
7991001
7998001
8002001
8003001
8004001
8014001
8015001
8020001
8023001
8029001
8082001
8085001
8086001
8095001
8117001
8122001
8129001
8140001
8144001
8149001
8167001
8181001
8186001
8193001
8197001
8207001
8218001
8220001
8238001
8258001
8309001
8310001
8312001
8314001
8358001
8379001
8381001
8389001
8412001
8432001
8447001
8448001
8475001
8499001
8538001
8541001
8546001
8596001
8615001
8619001
8622001
8644001
8663001
8666001
8741001
8758001
8781001
8790001
8801001
8803001
8804001
8808001
8835001
8838001
8876001
8878001
8918001
8956001
8986001
9048001
9078001
9089001
9106001
9111001
9120001
9123001
9179001
9226001
9232001
9250001
9266001
9278001
9279001
9306001
9408001
9410001
9411001
9412001
9413001
9415001
9416001
9417001
9418001
9422001
9423001
9424001
9426001
9427001
9428001
9429001
9430001
9431001
9432001
9433001
9436001
9438001
9440001
9443001
9444001
9446001
9448001
9451001
9453001
9454001
9455001
9456001
9458001
9459001
9460001
9461001
9462001
9464001
9465001
9468001
9470001
9471001
9472001
9473001
9475001
9476001
9477001
9478001
9479001
9480001
9481001
9482001
9483001
9485001
9490001
9492001
9493001
9494001
9495001
9497001
9499001
9500001
9501001
9502001
9503001
9505001
9506001
9507001
9508001
9509001
9510001
9513001
9514001
9516001
9518001
9519001
9520001
9521001
9523001
9524001
9525001
9526001
9527001
9528001
9530001
9531001
9532001
9534001
9536001
9537001
9538001
9540001
9541001
9542001
9543001
9544001
9545001
9546001
9547001
9549001
9550001
9551001
9562001
9575001
9578001
9582001
9583001
9584001
9589001
9590001
9591001
9599001
9602001
9617001
9708001
9753001
9772001
9789001
9817001
9832001
9875001
9887001
9890001
9898001
9925001
9937001
9971001
9979001
9989001
9992001
5999001
6031001
6110001
6945001
7218001
7373001
7374001
7375001
7376001
7377001
7384001
7388001
7392001
7401001
7402001
7406001
7425001
7428001
7429001
7442001
7453001
7461001
7467001
7468001
7470001
7471001
7477001
7478001
7482001
7487001
7497001
7513001
7515001
7614001
7827001
8422001
9398001
9535001
9539001
10882001
10928001
11016001
11399001
12639001
13013001
16067001
