5874001
5880001
5881001
5883001
5886001
5894001
5897001
5910001
5920001
5928001
5932001
5934001
5941001
5955001
5968001
5972001
5987001
5994001
5999001
6001001
6002001
6031001
6033001
6038001
6041001
6044001
6051001
6060001
6081001
6099001
6110001
6116001
6125001
6130001
6133001
6141001
6156001
6160001
6182001
6188001
6191001
6194001
6203001
6204001
6231001
6249001
6252001
6290001
6297001
6301001
6302001
6329001
6349001
6360001
6387001
6392001
6397001
6400001
6404001
6432001
6544001
6550001
6583001
6714001
6801001
6851001
6861001
6873001
6878001
6880001
6891001
6893001
6894001
6898001
6912001
6915001
6916001
6918001
6919001
6921001
6928001
6929001
6933001
6938001
6940001
6943001
6945001
6947001
6949001
6950001
6951001
6954001
6961001
6969001
6974001
6977001
6990001
7002001
7024001
7031001
7038001
7056001
7097001
7134001
7174001
7218001
7242001
7277001
7324001
7358001
7362001
7363001
7364001
7365001
7367001
7370001
7372001
7373001
7383001
7384001
7385001
7386001
7387001
7388001
7390001
7395001
7396001
7397001
7405001
7407001
7408001
7412001
7414001
7416001
7417001
7418001
7423001
7424001
7425001
7427001
7432001
7433001
7435001
7436001
7438001
7442001
7443001
7457001
7458001
7459001
7460001
7463001
7464001
7465001
7467001
7468001
7471001
7475001
7478001
7482001
7485001
7489001
7492001
7495001
7498001
7503001
7505001
7506001
7507001
7510001
7511001
7516001
7518001
7520001
7525001
7526001
7527001
7528001
7529001
7530001
7531001
7532001
7533001
7535001
7537001
7538001
7539001
7540001
7541001
7542001
7543001
7545001
7546001
7547001
7548001
7549001
7550001
7552001
7553001
7556001
7557001
7558001
7559001
7560001
7561001
7562001
7564001
7565001
7566001
7569001
7575001
7576001
7577001
7578001
7580001
7586001
7591001
7613001
7617001
7638001
7642001
7650001
7651001
7674001
7679001
7708001
7714001
7718001
7723001
7735001
7741001
7751001
7752001
7758001
7764001
7769001
7781001
7791001
7797001
7805001
7817001
7829001
7833001
7836001
7845001
7846001
7853001
7854001
7861001
7862001
7878001
7882001
7888001
7890001
7899001
7904001
7908001
7909001
7915001
7926001
7932001
7947001
7950001
7957001
7962001
7968001
7972001
7986001
7991001
7998001
8002001
8023001
8029001
8065001
8082001
8086001
8095001
8135001
8140001
8141001
8144001
8146001
8179001
8181001
8186001
8197001
8207001
8218001
8232001
8258001
8263001
8265001
8272001
8309001
8310001
8311001
8358001
8359001
8381001
8385001
8394001
8404001
8405001
8412001
8423001
8425001
8447001
8448001
8459001
8475001
8476001
8499001
8506001
8524001
8538001
8541001
8546001
8569001
8571001
8577001
8580001
8592001
8596001
8615001
8619001
8622001
8644001
8663001
8666001
8687001
8697001
8706001
8754001
8785001
8790001
8791001
8801001
8804001
8808001
8819001
8823001
8824001
8832001
8846001
8876001
8878001
8897001
8914001
8918001
8956001
8963001
8984001
8986001
8989001
9034001
9046001
9055001
9078001
9106001
9123001
9126001
9179001
9200001
9232001
9237001
9266001
9279001
9296001
9306001
9312001
9315001
9363001
9377001
9398001
9410001
9411001
9422001
9424001
9426001
9427001
9428001
9429001
9440001
9443001
9451001
9453001
9455001
9456001
9459001
9461001
9465001
9468001
9470001
9471001
9472001
9473001
9475001
9477001
9478001
9479001
9480001
9481001
9482001
9483001
9485001
9490001
9492001
9493001
9494001
9495001
9497001
9499001
9500001
9501001
9502001
9503001
9505001
9506001
9507001
9508001
9509001
9510001
9513001
9514001
9516001
9518001
9519001
9520001
9521001
9523001
9526001
9527001
9528001
9529001
9530001
9531001
9532001
9534001
9535001
9536001
9537001
9538001
9539001
9540001
9541001
9542001
9543001
9544001
9545001
9546001
9547001
9549001
9550001
9551001
9562001
9574001
9576001
9598001
9600001
9708001
9732001
9753001
9765001
9772001
9798001
9817001
9832001
9875001
9883001
9887001
9890001
9897001
9898001
9925001
9928001
9938001
9971001
9977001
9979001
9989001
9992001
10019001
10025001
10030001
10042001
10052001
10123001
10124001
10128001
10137001
10145001
10153001
10187001
10189001
10214001
10223001
10224001
10232001
10280001
10294001
10307001
10349001
10374001
10390001
10391001
10396001
10397001
10408001
10420001
10453001
10466001
10513001
10524001
10526001
10598001
10613001
10621001
10629001
10630001
10642001
10643001
10660001
10667001
10669001
10680001
10681001
10682001
10701001
10703001
10827001
10828001
10855001
10857001
10865001
10867001
10869001
10870001
10872001
10873001
10874001
10877001
10878001
10879001
10881001
10882001
10897001
10909001
10918001
10921001
10922001
10924001
10925001
10927001
10928001
10935001
10936001
10937001
10945001
10950001
10961001
10974001
10979001
11000001
11007001
11008001
11012001
11014001
11016001
11026001
11028001
11037001
11074001
11082001
11098001
11106001
11107001
11130001
11142001
11207001
11264001
11307001
11335001
11336001
11339001
11340001
11341001
11343001
11344001
11346001
11347001
11351001
11352001
11367001
11368001
11378001
11382001
11386001
11394001
11399001
11449001
11468001
11475001
11527001
11543001
11546001
11553001
11559001
11568001
11581001
11595001
11617001
11632001
11634001
11646001
11655001
11672001
11676001
11699001
11714001
11722001
11730001
11745001
11748001
11749001
11750001
11771001
11907001
11937001
11952001
11994001
11997001
12016001
12020001
12026001
12048001
12051001
12070001
12079001
12134001
12151001
12186001
12221001
12228001
12235001
12254001
12313001
12322001
12335001
12362001
12363001
12367001
12393001
12416001
12419001
12424001
12425001
12430001
12454001
12463001
12465001
12466001
12476001
12518001
12565001
12568001
12569001
12576001
12586001
12639001
12659001
12691001
12732001
12749001
12769001
12776001
12777001
12784001
12801001
12811001
12813001
12814001
12927001
12933001
12946001
12966001
13029001
13030001
13032001
13038001
13041001
13069001
13077001
13088001
13089001
13091001
13105001
13119001
13120001
13121001
13122001
13202001
13223001
13291001
13303001
13311001
13313001
13347001
13355001
13357001
13367001
13373001
13398001
13403001
13410001
13415001
13422001
13518001
13528001
13545001
13557001
13590001
13633001
13685001
13686001
13705001
13706001
13720001
13722001
13731001
13746001
13748001
13755001
13761001
13772001
13778001
13780001
13791001
13795001
13834001
13836001
13844001
13853001
13859001
13885001
13890001
13896001
13925001
13942001
13951001
13981001
13997001
14003001
14576001
14577001
14589001
14612001
14617001
14636001
14677001
14720001
14751001
16067001
16069001
16155001
16197001
16230001
16239001
16243001
16266001
16276001
16280001
16287001
16332001
16373001
