10828001
10855001
10857001
10865001
10867001
10869001
10870001
10872001
10873001
10874001
10877001
10878001
10879001
10881001
10882001
10897001
10909001
10918001
10921001
10922001
10924001
10925001
10927001
10928001
10935001
10936001
10937001
10945001
10950001
10961001
10974001
10979001
11000001
11007001
11008001
11012001
11014001
11016001
11026001
11028001
11037001
11074001
11082001
11098001
11106001
11107001
11130001
11142001
11207001
11264001
11307001
11335001
11336001
11339001
11340001
11341001
11343001
11344001
11346001
11347001
11351001
11352001
11367001
11368001
11378001
11382001
11386001
11394001
11399001
11449001
11468001
11475001
11527001
11543001
11546001
11553001
11559001
11568001
11581001
11595001
11617001
11632001
11634001
11646001
11655001
11672001
11676001
11699001
11714001
11722001
11730001
11745001
11748001
11749001
11750001
11771001
11907001
11937001
11952001
11994001
11997001
12016001
12020001
12026001
12048001
12051001
12070001
12079001
12134001
12151001
12186001
12221001
12228001
12235001
12254001
12313001
12322001
12335001
12362001
12363001
12367001
12393001
12416001
12419001
12424001
12425001
12430001
12454001
12463001
12465001
12466001
12476001
12518001
12565001
12568001
12569001
12576001
12586001
12639001
12659001
12691001
12732001
12749001
12769001
12776001
12777001
12784001
12801001
12811001
12813001
12814001
12927001
12933001
12946001
12966001
13029001
13030001
13032001
13038001
13041001
13069001
13077001
13088001
13089001
13091001
13105001
13119001
13120001
13121001
13122001
13202001
13223001
13291001
13303001
13311001
13313001
13347001
13355001
13357001
13367001
13373001
13398001
13403001
13410001
13415001
13422001
13518001
13528001
13545001
13557001
13590001
13633001
13685001
13686001
13705001
13706001
13720001
13722001
13731001
13746001
13748001
13755001
13761001
13772001
13778001
13780001
13791001
13795001
13834001
13836001
13844001
13853001
13859001
13885001
13890001
13896001
13925001
13942001
13951001
13981001
13997001
14003001
14576001
14577001
14589001
14612001
14617001
14636001
14677001
14720001
14751001
16067001
16069001
16155001
16197001
16230001
16239001
16243001
16266001
16276001
16280001
16287001
16332001
16373001
