5871001
5872001
5873001
5874001
5875001
5879001
5880001
5881001
5882001
5883001
5884001
5885001
5886001
5887001
5888001
5889001
5891001
5892001
5894001
5895001
5896001
5897001
5898001
5899001
5900001
5901001
5904001
5906001
5910001
5913001
5914001
5915001
5916001
5917001
5918001
5919001
5920001
5921001
5922001
5923001
5925001
5926001
5927001
5928001
5929001
5931001
5932001
5933001
5934001
5936001
5937001
5939001
5940001
5941001
5944001
5945001
5946001
5947001
5948001
5949001
5950001
5953001
5954001
5955001
5957001
5958001
5959001
5960001
5961001
5962001
5963001
5964001
5965001
5967001
5968001
5970001
5971001
5972001
5973001
5974001
5975001
5976001
5977001
5978001
5979001
5980001
5981001
5982001
5983001
5984001
5985001
5987001
5988001
5990001
5991001
5992001
5993001
5994001
5995001
5998001
5999001
6001001
6002001
6031001
6038001
6041001
6044001
6051001
6060001
6081001
6099001
6110001
6125001
6141001
6148001
6156001
6160001
6174001
6182001
6188001
6191001
6194001
6203001
6204001
6249001
6252001
6253001
6272001
6273001
6281001
6283001
6290001
6301001
6302001
6325001
6329001
6333001
6339001
6349001
6387001
6392001
6397001
6400001
6402001
6404001
6425001
6432001
6523001
6535001
6544001
6550001
6583001
6650001
6657001
6667001
6677001
6714001
6715001
6743001
6766001
6801001
6854001
6861001
6873001
6878001
6880001
6891001
6893001
6894001
6904001
6905001
6912001
6915001
6916001
6918001
6919001
6921001
6928001
6929001
6933001
6938001
6940001
6943001
6945001
6947001
6949001
6950001
6951001
6954001
6961001
6966001
6967001
6969001
6974001
6977001
6979001
6988001
6990001
7000001
7015001
7024001
7029001
7038001
7043001
7047001
7056001
7078001
7097001
7132001
7134001
7145001
7164001
7167001
7169001
7173001
7174001
7178001
7179001
7196001
7211001
7218001
7221001
7242001
7277001
7278001
7303001
7312001
7316001
7322001
7324001
7336001
7344001
7358001
7362001
7363001
7364001
7365001
7367001
7370001
7372001
7373001
7381001
7382001
7383001
7384001
7385001
7386001
7387001
7388001
7390001
7393001
7394001
7395001
7396001
7397001
7405001
7408001
7412001
7414001
7416001
7417001
7418001
7423001
7424001
7425001
7427001
7432001
7433001
7435001
7436001
7438001
7442001
7450001
7455001
7457001
7458001
7459001
7460001
7463001
7464001
7465001
7467001
7468001
7471001
7474001
7475001
7478001
7480001
7482001
7489001
7492001
7495001
7498001
7499001
7500001
7501001
7503001
7505001
7506001
7507001
7509001
7510001
7511001
7516001
7518001
7520001
7525001
7526001
7527001
7528001
7529001
7530001
7531001
7532001
7533001
7535001
7537001
7538001
7539001
7540001
7541001
7542001
7543001
7545001
7546001
7547001
7548001
7549001
7550001
7552001
7553001
7556001
7557001
7558001
7559001
7560001
7561001
7562001
7564001
7565001
7566001
7568001
7569001
7575001
7576001
7577001
7578001
7580001
7586001
7591001
7616001
7617001
7634001
7638001
7642001
7650001
7651001
7671001
7674001
7679001
7686001
7708001
7709001
7711001
7714001
7718001
7723001
7735001
7751001
7752001
7758001
7764001
7769001
7772001
7781001
7791001
7793001
7797001
7805001
7813001
7817001
7829001
7833001
7836001
7845001
7846001
7854001
7861001
7862001
7878001
7882001
7888001
7890001
7899001
7904001
7908001
7909001
7915001
7926001
7932001
7935001
7946001
7947001
7950001
7957001
7962001
7968001
7986001
7991001
8002001
8011001
8023001
8043001
8059001
8065001
8082001
8086001
8095001
8118001
8135001
8140001
8141001
8144001
8146001
8179001
8181001
8186001
8197001
8207001
8218001
8230001
8232001
8258001
8263001
8265001
8272001
8309001
8310001
8311001
8358001
8359001
8381001
8385001
8394001
8397001
8398001
8405001
8412001
8423001
8425001
8447001
8448001
8459001
8475001
8476001
8479001
8481001
8499001
8507001
8524001
8538001
8541001
8546001
8564001
8569001
8571001
8576001
8577001
8580001
8592001
8596001
8601001
8615001
8619001
8622001
8644001
8660001
8663001
8666001
8687001
8697001
8706001
8724001
8754001
8769001
8773001
8785001
8790001
8791001
8801001
8804001
8808001
8819001
8821001
8823001
8824001
8845001
8846001
8863001
8876001
8878001
8897001
8910001
8914001
8918001
8928001
8933001
8947001
8953001
8956001
8962001
8963001
8978001
8979001
8984001
8986001
8989001
9034001
9046001
9055001
9075001
9078001
9088001
9106001
9115001
9123001
9124001
9126001
9165001
9179001
9200001
9202001
9227001
9232001
9237001
9246001
9256001
9257001
9263001
9266001
9279001
9292001
9296001
9306001
9312001
9315001
9321001
9341001
9360001
9365001
9372001
9377001
9398001
9409001
9410001
9411001
9420001
9422001
9424001
9426001
9427001
9428001
9429001
9435001
9437001
9438001
9440001
9443001
9447001
9449001
9450001
9451001
9453001
9455001
9456001
9459001
9461001
9465001
9466001
9467001
9468001
9470001
9471001
9472001
9473001
9475001
9477001
9478001
9479001
9480001
9481001
9482001
9483001
9484001
9485001
9488001
9489001
9490001
9491001
9492001
9493001
9494001
9495001
9496001
9497001
9498001
9499001
9500001
9501001
9502001
9503001
9504001
9505001
9506001
9507001
9508001
9509001
9510001
9512001
9513001
9514001
9515001
9516001
9518001
9519001
9520001
9521001
9522001
9523001
9526001
9527001
9528001
9529001
9530001
9531001
9532001
9534001
9535001
9536001
9537001
9539001
9541001
9542001
9543001
9544001
9545001
9546001
9547001
9548001
9549001
9550001
9551001
9562001
9574001
9576001
9585001
9598001
9600001
9708001
9732001
9737001
9743001
9753001
9763001
9765001
9771001
9772001
9786001
9798001
9817001
9823001
9825001
9866001
9875001
9883001
9887001
9890001
9898001
9906001
9925001
9928001
9938001
9941001
9977001
9979001
9985001
9987001
9989001
9992001
9997001
10016001
10017001
10024001
10025001
10030001
10032001
10035001
10042001
10082001
10088001
10094001
10102001
10128001
10137001
10145001
10153001
10160001
10187001
10189001
10193001
10195001
10201001
10214001
10221001
10223001
10224001
10232001
10237001
10266001
10280001
10294001
10297001
10307001
10327001
10349001
10374001
10390001
10391001
10397001
10403001
10408001
10411001
10415001
10420001
10513001
10524001
10526001
10550001
10556001
10584001
10598001
10613001
10621001
10629001
10630001
10639001
10640001
10642001
10643001
10655001
10660001
10667001
10669001
10674001
10680001
10681001
10682001
10683001
10684001
10687001
10690001
10691001
10697001
10701001
10703001
10705001
10720001
12946001
12952001
13015001
13301001
5989001
6033001
6116001
6231001
6841001
6851001
6892001
6963001
7002001
7031001
7485001
7741001
7972001
7998001
9287001
9363001
9538001
9540001
10322001
5890001
6360001
6828001
6889001
8404001
8506001
8832001
9832001
10123001
10124001
7613001
8372001
10018001
10019001
10453001
6297001
8029001
10396001
10466001
9807001
9897001
