7809001
7827001
7852001
7859001
7892001
7897001
7919001
7939001
7944001
8015001
8020001
8085001
8122001
8129001
8149001
8167001
8193001
8193001
8238001
8379001
8422001
8741001
8758001
8758001
8781001
8789001
8799001
8803001
8835001
9014001
9048001
9089001
9120001
9226001
9250001
9278001
9408001
9412001
9413001
9415001
9416001
9417001
9418001
9423001
9430001
9431001
9432001
9433001
9436001
9444001
9444001
9446001
9448001
9454001
9458001
9460001
9462001
9464001
9476001
9524001
9525001
9554001
9556001
9602001
9608001
9720001
9722001
9740001
9789001
9937001
10107001
10148001
10148001
10190001
10506001
10544001
10564001
10564001
10574001
10579001
13013001
13014001
13016001
13017001
