6341001
6740001
6000001
6039001
6562001
6856001
7034001
7040001
7042001
7067001
7139001
7176001
7217001
7318001
7361001
7366001
7368001
7369001
7371001
7374001
7375001
7376001
7377001
7378001
7380001
7381001
7392001
7398001
7399001
7400001
7401001
7402001
7406001
7409001
7410001
7411001
7415001
7419001
7420001
7421001
7426001
7428001
7429001
7437001
7440001
7441001
7446001
7447001
7448001
7452001
7453001
7456001
7461001
7466001
7470001
7472001
7473001
7476001
7477001
7479001
7480001
7484001
7487001
7491001
7494001
7497001
7504001
7508001
7512001
7513001
7514001
7515001
7517001
7519001
7521001
7522001
7523001
7524001
7534001
7536001
7544001
7551001
7554001
7555001
7563001
7567001
7570001
7570001
7572001
7573001
7574001
7579001
7607001
7614001
7726001
7740001
7777001
7782001
7796001
7809001
7827001
